1805,1022
1806,1022
1807,1022
1808,1022
1809,1022
1810,1022
1811,1023
1810,1023
1809,1023
1808,1023
1807,1023
1806,1023
1805,1023
1804,1023
1803,1024
1804,1024
1805,1024
1806,1024
1810,1024
1811,1024
1812,1024
1813,1025
1812,1025
1811,1025
1810,1025
1809,1025
1807,1025
1806,1025
1805,1025
1804,1025
1803,1025
1802,1025
1802,1026
1803,1026
1804,1026
1805,1026
1806,1026
1807,1026
1808,1026
1809,1026
1810,1026
1811,1026
1812,1026
1813,1026
1814,1026
1818,1026
1819,1026
1820,1026
1821,1027
1820,1027
1819,1027
1818,1027
1817,1027
1816,1027
1815,1027
1814,1027
1813,1027
1812,1027
1811,1027
1810,1027
1809,1027
1808,1027
1807,1027
1806,1027
1805,1027
1804,1027
1803,1027
1802,1027
1801,1027
1800,1028
1801,1028
1802,1028
1803,1028
1804,1028
1805,1028
1806,1028
1807,1028
1808,1028
1809,1028
1810,1028
1811,1028
1812,1028
1813,1028
1814,1028
1815,1028
1816,1028
1817,1028
1818,1028
1819,1028
1821,1028
1822,1028
1822,1029
1821,1029
1819,1029
1818,1029
1817,1029
1816,1029
1815,1029
1814,1029
1813,1029
1812,1029
1811,1029
1810,1029
1809,1029
1808,1029
1807,1029
1806,1029
1805,1029
1804,1029
1803,1029
1802,1029
1801,1029
1800,1029
1799,1029
1798,1030
1799,1030
1800,1030
1801,1030
1802,1030
1803,1030
1804,1030
1805,1030
1806,1030
1807,1030
1808,1030
1809,1030
1810,1030
1811,1030
1812,1030
1813,1030
1814,1030
1815,1030
1816,1030
1817,1030
1818,1030
1819,1030
1820,1030
1821,1030
1822,1030
1821,1031
1819,1031
1818,1031
1817,1031
1816,1031
1815,1031
1814,1031
1813,1031
1812,1031
1811,1031
1810,1031
1809,1031
1808,1031
1807,1031
1806,1031
1803,1031
1802,1031
1801,1031
1800,1031
1799,1031
1798,1031
1797,1031
1797,1032
1798,1032
1799,1032
1800,1032
1801,1032
1802,1032
1806,1032
1807,1032
1808,1032
1809,1032
1810,1032
1811,1032
1814,1032
1815,1032
1816,1032
1817,1032
1818,1032
1819,1032
1821,1032
1822,1032
1822,1033
1821,1033
1820,1033
1819,1033
1818,1033
1817,1033
1816,1033
1815,1033
1810,1033
1809,1033
1808,1033
1807,1033
1802,1033
1801,1033
1800,1033
1799,1033
1798,1033
1797,1033
1797,1034
1798,1034
1799,1034
1800,1034
1801,1034
1802,1034
1806,1034
1807,1034
1808,1034
1809,1034
1810,1034
1814,1034
1815,1034
1819,1034
1820,1034
1814,1035
1813,1035
1810,1035
1809,1035
1808,1035
1807,1035
1806,1035
1805,1035
1804,1035
1802,1035
1801,1035
1800,1035
1799,1035
1798,1035
1797,1035
1798,1036
1799,1036
1800,1036
1801,1036
1802,1036
1803,1036
1804,1036
1805,1036
1806,1036
1807,1036
1808,1036
1809,1036
1810,1036
1811,1036
1812,1036
1813,1036
1812,1037
1811,1037
1810,1037
1809,1037
1808,1037
1807,1037
1806,1037
1805,1037
1804,1037
1803,1037
1802,1037
1801,1037
1800,1037
1799,1037
1800,1038
1801,1038
1802,1038
1803,1038
1804,1038
1805,1038
1806,1038
1807,1038
1808,1038
1809,1038
1810,1038
1811,1038
1809,1039
1808,1039
1807,1039
1806,1039
1805,1039
1804,1039
1803,1039
1802,1039
1801,1039
1802,1040
1803,1040
1804,1040
1805,1040
1806,1040
1807,1040
1808,1040
1808,1041
1807,1041
1806,1041
1805,1041
1804,1041
1803,1041
1802,1041
1802,1042
1803,1042
1804,1042
1805,1042
1806,1042
1807,1042
1808,1042
1809,1043
1808,1043
1807,1043
1806,1043
1804,1043
1803,1043
1802,1043
1802,1044
1803,1044
1807,1044
1808,1044
1809,1044
1809,1045
1808,1045
1807,1045
1806,1045
1804,1045
1803,1045
1802,1045
1801,1045
1800,1046
1801,1046
1802,1046
1803,1046
1804,1046
1805,1046
1806,1046
1807,1046
1808,1046
1808,1047
1807,1047
1806,1047
1805,1047
1804,1047
1803,1047
1802,1047
1801,1047
1800,1047
1799,1047
1798,1048
1799,1048
1800,1048
1801,1048
1802,1048
1803,1048
1804,1048
1805,1048
1806,1048
1807,1048
1808,1048
1809,1049
1808,1049
1807,1049
1806,1049
1805,1049
1804,1049
1803,1049
1802,1049
1801,1049
1800,1049
1799,1049
1798,1049
1797,1049
1797,1050
1798,1050
1799,1050
1800,1050
1801,1050
1802,1050
1803,1050
1804,1050
1805,1050
1806,1050
1807,1050
1808,1050
1809,1050
1810,1050
1811,1051
1810,1051
1809,1051
1808,1051
1807,1051
1806,1051
1805,1051
1804,1051
1803,1051
1802,1051
1801,1051
1800,1051
1799,1051
1798,1051
1797,1051
1797,1052
1798,1052
1799,1052
1800,1052
1801,1052
1802,1052
1803,1052
1804,1052
1808,1052
1809,1052
1810,1052
1811,1052
1812,1052
1813,1053
1812,1053
1811,1053
1810,1053
1809,1053
1808,1053
1803,1053
1802,1053
1801,1053
1800,1053
1799,1053
1798,1053
1797,1053
1796,1053
1796,1054
1797,1054
1798,1054
1799,1054
1800,1054
1801,1054
1802,1054
1807,1054
1808,1054
1809,1054
1810,1054
1811,1054
1812,1054
1813,1054
1813,1055
1812,1055
1811,1055
1810,1055
1809,1055
1808,1055
1807,1055
1806,1055
1805,1055
1802,1055
1801,1055
1800,1055
1799,1055
1798,1055
1797,1055
1796,1055
1795,1055
1794,1056
1795,1056
1796,1056
1797,1056
1798,1056
1799,1056
1800,1056
1801,1056
1802,1056
1803,1056
1804,1056
1805,1056
1806,1056
1807,1056
1808,1056
1809,1056
1810,1056
1811,1056
1812,1056
1813,1056
1812,1057
1811,1057
1810,1057
1809,1057
1808,1057
1807,1057
1806,1057
1805,1057
1804,1057
1803,1057
1802,1057
1801,1057
1800,1057
1799,1057
1795,1057
1794,1057
1794,1058
1795,1058
1796,1058
1799,1058
1800,1058
1801,1058
1802,1058
1803,1058
1804,1058
1805,1058
1806,1058
1807,1058
1808,1058
1809,1058
1810,1058
1811,1058
1810,1059
1809,1059
1805,1059
1804,1059
1803,1059
1802,1059
1801,1059
1800,1059
1799,1059
1798,1059
1797,1059
1796,1059
1795,1059
1794,1059
1795,1060
1796,1060
1797,1060
1798,1060
1799,1060
1800,1060
1801,1060
1802,1060
1803,1060
1804,1060
1803,1061
1802,1061
1801,1061
1800,1061
1799,1061
1798,1061
1797,1061
1796,1061
1797,1062
1798,1062
1799,1062
1800,1062
1801,1062
1802,1062
1801,1063
1800,1063
1799,1063
1798,1063
